3,2
3,1
3,3
10,28
10,30
10,180
10,94
10,272
10,78
10,176
11,6
11,20
9,7
9,4
9,1
9,6
9,2
9,3
8,4
8,13
8,5
8,12
8,6
8,14
448,4
448,3
8,16
448,2
8,2
448,1
8,3
0,306
448,0
446,3
446,2
446,1
446,0
445,4
445,3
445,2
445,1
445,0
443,5
443,4
443,3
443,2
443,1
443,0
440,4
440,3
440,2
440,1
440,0
438,5
438,4
438,3
438,2
438,1
438,0
435,6
435,5
435,4
435,3
435,2
435,1
435,0
431,5
431,4
431,3
431,2
431,1
431,0
428,7
428,6
428,5
428,4
428,3
428,2
428,1
428,0
425,5
425,4
425,3
425,2
425,1
425,0
422,5
422,4
422,3
422,2
422,1
20,3
20,2
20,1
19,3
19,2
19,1
12,3
12,2
12,1
11,30
11,29
11,28
11,25
11,23
11,22
11,18
11,17
11,16
11,15
11,12
11,10
11,9
11,8
11,4
11,3
11,2
11,1
10,291
